{
 "cells": [
  {
   "cell_type": "code",
   "execution_count": 1,
   "id": "6a1e73ac-d80f-4eb6-b7b0-ebc2f60cf016",
   "metadata": {},
   "outputs": [
    {
     "name": "stdout",
     "output_type": "stream",
     "text": [
      "Intel MKL WARNING: Support of Intel(R) Streaming SIMD Extensions 4.2 (Intel(R) SSE4.2) enabled only processors has been deprecated. Intel oneAPI Math Kernel Library 2025.0 will require Intel(R) Advanced Vector Extensions (Intel(R) AVX) instructions.\n",
      "Intel MKL WARNING: Support of Intel(R) Streaming SIMD Extensions 4.2 (Intel(R) SSE4.2) enabled only processors has been deprecated. Intel oneAPI Math Kernel Library 2025.0 will require Intel(R) Advanced Vector Extensions (Intel(R) AVX) instructions.\n"
     ]
    },
    {
     "ename": "ValueError",
     "evalue": "operands could not be broadcast together with shapes (1000,1000) (1000000,) (1000,1000) ",
     "output_type": "error",
     "traceback": [
      "\u001b[0;31m---------------------------------------------------------------------------\u001b[0m",
      "\u001b[0;31mValueError\u001b[0m                                Traceback (most recent call last)",
      "Cell \u001b[0;32mIn[1], line 39\u001b[0m\n\u001b[1;32m     36\u001b[0m num_base_stations \u001b[38;5;241m=\u001b[39m \u001b[38;5;241m10\u001b[39m\n\u001b[1;32m     37\u001b[0m area_size \u001b[38;5;241m=\u001b[39m (\u001b[38;5;241m100\u001b[39m, \u001b[38;5;241m100\u001b[39m)  \u001b[38;5;66;03m# 지역의 크기 (가로, 세로)\u001b[39;00m\n\u001b[0;32m---> 39\u001b[0m xx, yy, interference \u001b[38;5;241m=\u001b[39m \u001b[43mgenerate_interference_pdf\u001b[49m\u001b[43m(\u001b[49m\u001b[43mnum_base_stations\u001b[49m\u001b[43m,\u001b[49m\u001b[43m \u001b[49m\u001b[43marea_size\u001b[49m\u001b[43m)\u001b[49m\n\u001b[1;32m     40\u001b[0m plot_interference(xx, yy, interference)\n",
      "Cell \u001b[0;32mIn[1], line 19\u001b[0m, in \u001b[0;36mgenerate_interference_pdf\u001b[0;34m(num_base_stations, area_size)\u001b[0m\n\u001b[1;32m     17\u001b[0m \u001b[38;5;28;01mfor\u001b[39;00m station \u001b[38;5;129;01min\u001b[39;00m base_stations:\n\u001b[1;32m     18\u001b[0m     distances \u001b[38;5;241m=\u001b[39m np\u001b[38;5;241m.\u001b[39msqrt(np\u001b[38;5;241m.\u001b[39msum((grid_points \u001b[38;5;241m-\u001b[39m station)\u001b[38;5;241m*\u001b[39m\u001b[38;5;241m*\u001b[39m\u001b[38;5;241m2\u001b[39m, axis\u001b[38;5;241m=\u001b[39m\u001b[38;5;241m1\u001b[39m))\n\u001b[0;32m---> 19\u001b[0m     interference \u001b[38;5;241m+\u001b[39m\u001b[38;5;241m=\u001b[39m (\u001b[38;5;241m1\u001b[39m \u001b[38;5;241m/\u001b[39m (distances \u001b[38;5;241m+\u001b[39m \u001b[38;5;241m1\u001b[39m))  \u001b[38;5;66;03m# 거리에 따른 감쇠 모델링\u001b[39;00m\n\u001b[1;32m     21\u001b[0m \u001b[38;5;28;01mreturn\u001b[39;00m xx, yy, interference\n",
      "\u001b[0;31mValueError\u001b[0m: operands could not be broadcast together with shapes (1000,1000) (1000000,) (1000,1000) "
     ]
    }
   ],
   "source": [
    "import numpy as np\n",
    "import matplotlib.pyplot as plt\n",
    "\n",
    "def generate_interference_pdf(num_base_stations, area_size):\n",
    "    # 무작위로 기지국 위치 생성\n",
    "    base_stations = np.random.rand(num_base_stations, 2) * area_size\n",
    "\n",
    "    # 측정 지점 생성\n",
    "    resolution = 0.1\n",
    "    x = np.arange(0, area_size[0], resolution)\n",
    "    y = np.arange(0, area_size[1], resolution)\n",
    "    xx, yy = np.meshgrid(x, y)\n",
    "    grid_points = np.c_[xx.ravel(), yy.ravel()]\n",
    "\n",
    "    # 거리에 따른 감쇠 모델링\n",
    "    interference = np.zeros_like(xx)\n",
    "    for station in base_stations:\n",
    "        distances = np.sqrt(np.sum((grid_points - station)**2, axis=1))\n",
    "        interference += (1 / (distances + 1))  # 거리에 따른 감쇠 모델링\n",
    "\n",
    "    return xx, yy, interference\n",
    "\n",
    "def plot_interference(xx, yy, interference):\n",
    "    plt.figure(figsize=(8, 8))\n",
    "    plt.pcolormesh(xx, yy, interference, shading='auto', cmap='viridis')\n",
    "    plt.colorbar(label='Interference Level')\n",
    "    plt.scatter(base_stations[:, 0], base_stations[:, 1], c='red', marker='x', label='Base Stations')\n",
    "    plt.title('Interference PDF with Randomly Placed Base Stations')\n",
    "    plt.xlabel('X-coordinate')\n",
    "    plt.ylabel('Y-coordinate')\n",
    "    plt.legend()\n",
    "    plt.show()\n",
    "\n",
    "if __name__ == \"__main__\":\n",
    "    np.random.seed(42)  # 재현성을 위한 랜덤 시드 설정\n",
    "    num_base_stations = 10\n",
    "    area_size = (100, 100)  # 지역의 크기 (가로, 세로)\n",
    "\n",
    "    xx, yy, interference = generate_interference_pdf(num_base_stations, area_size)\n",
    "    plot_interference(xx, yy, interference)\n"
   ]
  },
  {
   "cell_type": "code",
   "execution_count": 45,
   "id": "b3f2f948-1b31-47a2-8539-35a4e0b1113a",
   "metadata": {},
   "outputs": [],
   "source": [
    "import numpy as np\n",
    "import matplotlib.pyplot as plt\n",
    "import math\n",
    "import random\n",
    "\n",
    "random.seed(100)\n",
    "\n",
    "#기지국 위치 생성, 거리 생성\n",
    "def BS_location(V, area_size):\n",
    "    location = []\n",
    "    distance = np.zeros((V, V))\n",
    "    \n",
    "    for i in range(V):\n",
    "        lx = random.uniform(1, area_size)\n",
    "        ly = random.uniform(1, area_size)\n",
    "        location.append([lx, ly])\n",
    "        \n",
    "    for i in range(V):\n",
    "        for j in range(i+1, V):\n",
    "            D = round(math.sqrt(math.pow(location[i][0] - location[j][0], 2) + math.pow(location[i][1] - location[j][1],2)), 2)\n",
    "            distance[i][j] = D\n",
    "            distance[j][i] = D\n",
    "    return location, distance\n",
    "\n",
    "\n",
    "\n",
    "\n",
    "    \n",
    "BS_location(4, 45)\n",
    "\n",
    "\n",
    "x = BS_location(4, 45)[1]\n",
    "\n"
   ]
  },
  {
   "cell_type": "code",
   "execution_count": 46,
   "id": "9419805a-c478-45b5-90d5-f938bfef975d",
   "metadata": {},
   "outputs": [],
   "source": [
    "#전력 생성\n",
    "random.seed(100)\n",
    "def power(V, min_ptx, max_ptx):\n",
    "    P_tx = []\n",
    "    for i in range(V):\n",
    "        px = random.randint(min_ptx, max_ptx)\n",
    "        P_tx.append(px)\n",
    "    return P_tx\n",
    "power(4, 40, 50)\n",
    "t = power(4, 40, 50)\n"
   ]
  },
  {
   "cell_type": "code",
   "execution_count": 47,
   "id": "5376a183-cb84-4cee-ab56-473e33b307fe",
   "metadata": {},
   "outputs": [
    {
     "data": {
      "text/plain": [
       "array([[ 0.  , 21.04, 38.51, 17.04],\n",
       "       [21.04,  0.  , 47.51, 13.6 ],\n",
       "       [38.51, 47.51,  0.  , 33.91],\n",
       "       [17.04, 13.6 , 33.91,  0.  ]])"
      ]
     },
     "execution_count": 47,
     "metadata": {},
     "output_type": "execute_result"
    }
   ],
   "source": [
    "x"
   ]
  },
  {
   "cell_type": "code",
   "execution_count": 50,
   "id": "606e06c1-94ea-4cad-ac69-5a607420458d",
   "metadata": {},
   "outputs": [
    {
     "data": {
      "text/plain": [
       "0.08857368031121249"
      ]
     },
     "execution_count": 50,
     "metadata": {},
     "output_type": "execute_result"
    }
   ],
   "source": [
    "a = ((x[0][1] - 1.5)**(-2)) * (t[1])\n",
    "b = ((x[0][1]+1.5)**(-2)) * (t[1])\n",
    "\n"
   ]
  },
  {
   "cell_type": "code",
   "execution_count": 52,
   "id": "f186a8d1-7302-4bfa-9a56-05d984ae3129",
   "metadata": {},
   "outputs": [],
   "source": [
    "import scipy.stats as stats"
   ]
  },
  {
   "cell_type": "code",
   "execution_count": 73,
   "id": "ad3dd480-de89-498d-b8e4-3cbe21e82f35",
   "metadata": {},
   "outputs": [
    {
     "name": "stdout",
     "output_type": "stream",
     "text": [
      "PDF 1: [[0.00000000e+00 2.30024902e-02 2.31865583e-04 3.98985752e-02]\n",
      " [2.30024902e-02 0.00000000e+00 5.96124938e-06 5.39390597e-02]\n",
      " [2.31865583e-04 5.96124938e-06 0.00000000e+00 1.07988499e-03]\n",
      " [3.98985752e-02 5.39390597e-02 1.07988499e-03 0.00000000e+00]]\n",
      "PDF 2: [[0.         0.03024601 0.01508097 0.0296334 ]\n",
      " [0.03024601 0.         0.00706908 0.02698174]\n",
      " [0.01508097 0.00706908 0.         0.02013864]\n",
      " [0.0296334  0.02698174 0.02013864 0.        ]]\n",
      "PDF 3: [[0.         0.01828081 0.01877223 0.01611277]\n",
      " [0.01828081 0.         0.01506389 0.01363547]\n",
      " [0.01877223 0.01506389 0.         0.01989053]\n",
      " [0.01611277 0.01363547 0.01989053 0.        ]]\n",
      "PDF 4: [[0.         0.01145108 0.01514197 0.00972619]\n",
      " [0.01145108 0.         0.01466644 0.00802263]\n",
      " [0.01514197 0.01466644 0.         0.01479614]\n",
      " [0.00972619 0.00802263 0.01479614 0.        ]]\n",
      "PDF 5: [[0.         0.00770291 0.01145038 0.00643145]\n",
      " [0.00770291 0.         0.01210005 0.00524244]\n",
      " [0.01145038 0.01210005 0.         0.01077729]\n",
      " [0.00643145 0.00524244 0.01077729 0.        ]]\n",
      "PDF 6: [[0.00000000e+00 2.30024902e-02 2.31865583e-04 3.98985752e-02]\n",
      " [2.30024902e-02 0.00000000e+00 5.96124938e-06 5.39390597e-02]\n",
      " [2.31865583e-04 5.96124938e-06 0.00000000e+00 1.07988499e-03]\n",
      " [3.98985752e-02 5.39390597e-02 1.07988499e-03 0.00000000e+00]]\n",
      "PDF 7: [[0.         0.03024601 0.01508097 0.0296334 ]\n",
      " [0.03024601 0.         0.00706908 0.02698174]\n",
      " [0.01508097 0.00706908 0.         0.02013864]\n",
      " [0.0296334  0.02698174 0.02013864 0.        ]]\n",
      "PDF 8: [[0.         0.01828081 0.01877223 0.01611277]\n",
      " [0.01828081 0.         0.01506389 0.01363547]\n",
      " [0.01877223 0.01506389 0.         0.01989053]\n",
      " [0.01611277 0.01363547 0.01989053 0.        ]]\n",
      "PDF 9: [[0.         0.01145108 0.01514197 0.00972619]\n",
      " [0.01145108 0.         0.01466644 0.00802263]\n",
      " [0.01514197 0.01466644 0.         0.01479614]\n",
      " [0.00972619 0.00802263 0.01479614 0.        ]]\n",
      "PDF 10: [[0.         0.00770291 0.01145038 0.00643145]\n",
      " [0.00770291 0.         0.01210005 0.00524244]\n",
      " [0.01145038 0.01210005 0.         0.01077729]\n",
      " [0.00643145 0.00524244 0.01077729 0.        ]]\n",
      "PDF 11: [[0.00000000e+00 2.30024902e-02 2.31865583e-04 3.98985752e-02]\n",
      " [2.30024902e-02 0.00000000e+00 5.96124938e-06 5.39390597e-02]\n",
      " [2.31865583e-04 5.96124938e-06 0.00000000e+00 1.07988499e-03]\n",
      " [3.98985752e-02 5.39390597e-02 1.07988499e-03 0.00000000e+00]]\n",
      "PDF 12: [[0.         0.03024601 0.01508097 0.0296334 ]\n",
      " [0.03024601 0.         0.00706908 0.02698174]\n",
      " [0.01508097 0.00706908 0.         0.02013864]\n",
      " [0.0296334  0.02698174 0.02013864 0.        ]]\n",
      "PDF 13: [[0.         0.01828081 0.01877223 0.01611277]\n",
      " [0.01828081 0.         0.01506389 0.01363547]\n",
      " [0.01877223 0.01506389 0.         0.01989053]\n",
      " [0.01611277 0.01363547 0.01989053 0.        ]]\n",
      "PDF 14: [[0.         0.01145108 0.01514197 0.00972619]\n",
      " [0.01145108 0.         0.01466644 0.00802263]\n",
      " [0.01514197 0.01466644 0.         0.01479614]\n",
      " [0.00972619 0.00802263 0.01479614 0.        ]]\n",
      "PDF 15: [[0.         0.00770291 0.01145038 0.00643145]\n",
      " [0.00770291 0.         0.01210005 0.00524244]\n",
      " [0.01145038 0.01210005 0.         0.01077729]\n",
      " [0.00643145 0.00524244 0.01077729 0.        ]]\n",
      "PDF 16: [[0.00000000e+00 2.30024902e-02 2.31865583e-04 3.98985752e-02]\n",
      " [2.30024902e-02 0.00000000e+00 5.96124938e-06 5.39390597e-02]\n",
      " [2.31865583e-04 5.96124938e-06 0.00000000e+00 1.07988499e-03]\n",
      " [3.98985752e-02 5.39390597e-02 1.07988499e-03 0.00000000e+00]]\n",
      "PDF 17: [[0.         0.03024601 0.01508097 0.0296334 ]\n",
      " [0.03024601 0.         0.00706908 0.02698174]\n",
      " [0.01508097 0.00706908 0.         0.02013864]\n",
      " [0.0296334  0.02698174 0.02013864 0.        ]]\n",
      "PDF 18: [[0.         0.01828081 0.01877223 0.01611277]\n",
      " [0.01828081 0.         0.01506389 0.01363547]\n",
      " [0.01877223 0.01506389 0.         0.01989053]\n",
      " [0.01611277 0.01363547 0.01989053 0.        ]]\n",
      "PDF 19: [[0.         0.01145108 0.01514197 0.00972619]\n",
      " [0.01145108 0.         0.01466644 0.00802263]\n",
      " [0.01514197 0.01466644 0.         0.01479614]\n",
      " [0.00972619 0.00802263 0.01479614 0.        ]]\n",
      "PDF 20: [[0.         0.00770291 0.01145038 0.00643145]\n",
      " [0.00770291 0.         0.01210005 0.00524244]\n",
      " [0.01145038 0.01210005 0.         0.01077729]\n",
      " [0.00643145 0.00524244 0.01077729 0.        ]]\n",
      "PDF 21: [[0.00000000e+00 2.30024902e-02 2.31865583e-04 3.98985752e-02]\n",
      " [2.30024902e-02 0.00000000e+00 5.96124938e-06 5.39390597e-02]\n",
      " [2.31865583e-04 5.96124938e-06 0.00000000e+00 1.07988499e-03]\n",
      " [3.98985752e-02 5.39390597e-02 1.07988499e-03 0.00000000e+00]]\n",
      "PDF 22: [[0.         0.03024601 0.01508097 0.0296334 ]\n",
      " [0.03024601 0.         0.00706908 0.02698174]\n",
      " [0.01508097 0.00706908 0.         0.02013864]\n",
      " [0.0296334  0.02698174 0.02013864 0.        ]]\n",
      "PDF 23: [[0.         0.01828081 0.01877223 0.01611277]\n",
      " [0.01828081 0.         0.01506389 0.01363547]\n",
      " [0.01877223 0.01506389 0.         0.01989053]\n",
      " [0.01611277 0.01363547 0.01989053 0.        ]]\n",
      "PDF 24: [[0.         0.01145108 0.01514197 0.00972619]\n",
      " [0.01145108 0.         0.01466644 0.00802263]\n",
      " [0.01514197 0.01466644 0.         0.01479614]\n",
      " [0.00972619 0.00802263 0.01479614 0.        ]]\n",
      "PDF 25: [[0.         0.00770291 0.01145038 0.00643145]\n",
      " [0.00770291 0.         0.01210005 0.00524244]\n",
      " [0.01145038 0.01210005 0.         0.01077729]\n",
      " [0.00643145 0.00524244 0.01077729 0.        ]]\n"
     ]
    }
   ],
   "source": [
    "import numpy as np\n",
    "from scipy.stats import rayleigh\n",
    "\n",
    "# 거리와 전송 전력 정보\n",
    "distances = [1, 2, 3, 4, 5]  # 각 셀과 주변 셀 간의 거리\n",
    "powers = [10, 20, 30, 40, 50]  # 각 셀의 전송 전력\n",
    "\n",
    "# PDF 계산\n",
    "pdfs = []\n",
    "for i in range(len(distances)):\n",
    "    for j in range(len(powers)):\n",
    "        pdf = rayleigh.pdf(x, scale=powers[j])  # Rayleigh 분포의 확률 밀도 함수(PDF) 계산\n",
    "        pdfs.append(pdf)\n",
    "\n",
    "# 결과 출력\n",
    "for i in range(len(pdfs)):\n",
    "    print(f\"PDF {i+1}: {pdfs[i]}\")\n"
   ]
  },
  {
   "cell_type": "code",
   "execution_count": 76,
   "id": "e75ca962-7045-418e-bca3-793eb84e6dba",
   "metadata": {},
   "outputs": [
    {
     "name": "stdout",
     "output_type": "stream",
     "text": [
      "PDF 1: [[0.00000000e+00 2.30024902e-02 2.31865583e-04 3.98985752e-02]\n",
      " [2.30024902e-02 0.00000000e+00 5.96124938e-06 5.39390597e-02]\n",
      " [2.31865583e-04 5.96124938e-06 0.00000000e+00 1.07988499e-03]\n",
      " [3.98985752e-02 5.39390597e-02 1.07988499e-03 0.00000000e+00]]\n",
      "PDF 2: [[0.         0.03024601 0.01508097 0.0296334 ]\n",
      " [0.03024601 0.         0.00706908 0.02698174]\n",
      " [0.01508097 0.00706908 0.         0.02013864]\n",
      " [0.0296334  0.02698174 0.02013864 0.        ]]\n",
      "PDF 3: [[0.         0.01828081 0.01877223 0.01611277]\n",
      " [0.01828081 0.         0.01506389 0.01363547]\n",
      " [0.01877223 0.01506389 0.         0.01989053]\n",
      " [0.01611277 0.01363547 0.01989053 0.        ]]\n",
      "PDF 4: [[0.         0.01145108 0.01514197 0.00972619]\n",
      " [0.01145108 0.         0.01466644 0.00802263]\n",
      " [0.01514197 0.01466644 0.         0.01479614]\n",
      " [0.00972619 0.00802263 0.01479614 0.        ]]\n",
      "PDF 5: [[0.         0.00770291 0.01145038 0.00643145]\n",
      " [0.00770291 0.         0.01210005 0.00524244]\n",
      " [0.01145038 0.01210005 0.         0.01077729]\n",
      " [0.00643145 0.00524244 0.01077729 0.        ]]\n",
      "PDF 6: [[0.00000000e+00 2.30024902e-02 2.31865583e-04 3.98985752e-02]\n",
      " [2.30024902e-02 0.00000000e+00 5.96124938e-06 5.39390597e-02]\n",
      " [2.31865583e-04 5.96124938e-06 0.00000000e+00 1.07988499e-03]\n",
      " [3.98985752e-02 5.39390597e-02 1.07988499e-03 0.00000000e+00]]\n",
      "PDF 7: [[0.         0.03024601 0.01508097 0.0296334 ]\n",
      " [0.03024601 0.         0.00706908 0.02698174]\n",
      " [0.01508097 0.00706908 0.         0.02013864]\n",
      " [0.0296334  0.02698174 0.02013864 0.        ]]\n",
      "PDF 8: [[0.         0.01828081 0.01877223 0.01611277]\n",
      " [0.01828081 0.         0.01506389 0.01363547]\n",
      " [0.01877223 0.01506389 0.         0.01989053]\n",
      " [0.01611277 0.01363547 0.01989053 0.        ]]\n",
      "PDF 9: [[0.         0.01145108 0.01514197 0.00972619]\n",
      " [0.01145108 0.         0.01466644 0.00802263]\n",
      " [0.01514197 0.01466644 0.         0.01479614]\n",
      " [0.00972619 0.00802263 0.01479614 0.        ]]\n",
      "PDF 10: [[0.         0.00770291 0.01145038 0.00643145]\n",
      " [0.00770291 0.         0.01210005 0.00524244]\n",
      " [0.01145038 0.01210005 0.         0.01077729]\n",
      " [0.00643145 0.00524244 0.01077729 0.        ]]\n",
      "PDF 11: [[0.00000000e+00 2.30024902e-02 2.31865583e-04 3.98985752e-02]\n",
      " [2.30024902e-02 0.00000000e+00 5.96124938e-06 5.39390597e-02]\n",
      " [2.31865583e-04 5.96124938e-06 0.00000000e+00 1.07988499e-03]\n",
      " [3.98985752e-02 5.39390597e-02 1.07988499e-03 0.00000000e+00]]\n",
      "PDF 12: [[0.         0.03024601 0.01508097 0.0296334 ]\n",
      " [0.03024601 0.         0.00706908 0.02698174]\n",
      " [0.01508097 0.00706908 0.         0.02013864]\n",
      " [0.0296334  0.02698174 0.02013864 0.        ]]\n",
      "PDF 13: [[0.         0.01828081 0.01877223 0.01611277]\n",
      " [0.01828081 0.         0.01506389 0.01363547]\n",
      " [0.01877223 0.01506389 0.         0.01989053]\n",
      " [0.01611277 0.01363547 0.01989053 0.        ]]\n",
      "PDF 14: [[0.         0.01145108 0.01514197 0.00972619]\n",
      " [0.01145108 0.         0.01466644 0.00802263]\n",
      " [0.01514197 0.01466644 0.         0.01479614]\n",
      " [0.00972619 0.00802263 0.01479614 0.        ]]\n",
      "PDF 15: [[0.         0.00770291 0.01145038 0.00643145]\n",
      " [0.00770291 0.         0.01210005 0.00524244]\n",
      " [0.01145038 0.01210005 0.         0.01077729]\n",
      " [0.00643145 0.00524244 0.01077729 0.        ]]\n",
      "PDF 16: [[0.00000000e+00 2.30024902e-02 2.31865583e-04 3.98985752e-02]\n",
      " [2.30024902e-02 0.00000000e+00 5.96124938e-06 5.39390597e-02]\n",
      " [2.31865583e-04 5.96124938e-06 0.00000000e+00 1.07988499e-03]\n",
      " [3.98985752e-02 5.39390597e-02 1.07988499e-03 0.00000000e+00]]\n",
      "PDF 17: [[0.         0.03024601 0.01508097 0.0296334 ]\n",
      " [0.03024601 0.         0.00706908 0.02698174]\n",
      " [0.01508097 0.00706908 0.         0.02013864]\n",
      " [0.0296334  0.02698174 0.02013864 0.        ]]\n",
      "PDF 18: [[0.         0.01828081 0.01877223 0.01611277]\n",
      " [0.01828081 0.         0.01506389 0.01363547]\n",
      " [0.01877223 0.01506389 0.         0.01989053]\n",
      " [0.01611277 0.01363547 0.01989053 0.        ]]\n",
      "PDF 19: [[0.         0.01145108 0.01514197 0.00972619]\n",
      " [0.01145108 0.         0.01466644 0.00802263]\n",
      " [0.01514197 0.01466644 0.         0.01479614]\n",
      " [0.00972619 0.00802263 0.01479614 0.        ]]\n",
      "PDF 20: [[0.         0.00770291 0.01145038 0.00643145]\n",
      " [0.00770291 0.         0.01210005 0.00524244]\n",
      " [0.01145038 0.01210005 0.         0.01077729]\n",
      " [0.00643145 0.00524244 0.01077729 0.        ]]\n",
      "PDF 21: [[0.00000000e+00 2.30024902e-02 2.31865583e-04 3.98985752e-02]\n",
      " [2.30024902e-02 0.00000000e+00 5.96124938e-06 5.39390597e-02]\n",
      " [2.31865583e-04 5.96124938e-06 0.00000000e+00 1.07988499e-03]\n",
      " [3.98985752e-02 5.39390597e-02 1.07988499e-03 0.00000000e+00]]\n",
      "PDF 22: [[0.         0.03024601 0.01508097 0.0296334 ]\n",
      " [0.03024601 0.         0.00706908 0.02698174]\n",
      " [0.01508097 0.00706908 0.         0.02013864]\n",
      " [0.0296334  0.02698174 0.02013864 0.        ]]\n",
      "PDF 23: [[0.         0.01828081 0.01877223 0.01611277]\n",
      " [0.01828081 0.         0.01506389 0.01363547]\n",
      " [0.01877223 0.01506389 0.         0.01989053]\n",
      " [0.01611277 0.01363547 0.01989053 0.        ]]\n",
      "PDF 24: [[0.         0.01145108 0.01514197 0.00972619]\n",
      " [0.01145108 0.         0.01466644 0.00802263]\n",
      " [0.01514197 0.01466644 0.         0.01479614]\n",
      " [0.00972619 0.00802263 0.01479614 0.        ]]\n",
      "PDF 25: [[0.         0.00770291 0.01145038 0.00643145]\n",
      " [0.00770291 0.         0.01210005 0.00524244]\n",
      " [0.01145038 0.01210005 0.         0.01077729]\n",
      " [0.00643145 0.00524244 0.01077729 0.        ]]\n"
     ]
    }
   ],
   "source": [
    "import numpy as np\n",
    "from scipy.stats import rayleigh\n",
    "\n",
    "# 거리와 전송 전력 정보\n",
    "distances = [1, 2, 3, 4, 5]  # 각 셀과 주변 셀 간의 거리\n",
    "powers = [10, 20, 30, 40, 50]  # 각 셀의 전송 전력\n",
    "\n",
    "# PDF 계산\n",
    "pdfs = []\n",
    "for i in range(len(distances)):\n",
    "    for j in range(len(powers)):\n",
    "        pdf = rayleigh.pdf(x, scale=powers[j])  # Rayleigh 분포의 확률 밀도 함수(PDF) 계산\n",
    "        pdfs.append(pdf)\n",
    "\n",
    "# 결과 출력\n",
    "for i in range(len(pdfs)):\n",
    "    print(f\"PDF {i+1}: {pdfs[i]}\")\n"
   ]
  },
  {
   "cell_type": "code",
   "execution_count": 80,
   "id": "b76b3aae-8026-4ea8-a869-d3c78ebb3612",
   "metadata": {},
   "outputs": [
    {
     "ename": "TypeError",
     "evalue": "list indices must be integers or slices, not str",
     "output_type": "error",
     "traceback": [
      "\u001b[0;31m---------------------------------------------------------------------------\u001b[0m",
      "\u001b[0;31mTypeError\u001b[0m                                 Traceback (most recent call last)",
      "Cell \u001b[0;32mIn[80], line 21\u001b[0m\n\u001b[1;32m     18\u001b[0m distances \u001b[38;5;241m=\u001b[39m [np\u001b[38;5;241m.\u001b[39msqrt((cell[\u001b[38;5;124m\"\u001b[39m\u001b[38;5;124mx\u001b[39m\u001b[38;5;124m\"\u001b[39m] \u001b[38;5;241m-\u001b[39m measurement_point[\u001b[38;5;124m\"\u001b[39m\u001b[38;5;124mx\u001b[39m\u001b[38;5;124m\"\u001b[39m])\u001b[38;5;241m*\u001b[39m\u001b[38;5;241m*\u001b[39m\u001b[38;5;241m2\u001b[39m \u001b[38;5;241m+\u001b[39m (cell[\u001b[38;5;124m\"\u001b[39m\u001b[38;5;124my\u001b[39m\u001b[38;5;124m\"\u001b[39m] \u001b[38;5;241m-\u001b[39m measurement_point[\u001b[38;5;124m\"\u001b[39m\u001b[38;5;124my\u001b[39m\u001b[38;5;124m\"\u001b[39m])\u001b[38;5;241m*\u001b[39m\u001b[38;5;241m*\u001b[39m\u001b[38;5;241m2\u001b[39m) \u001b[38;5;28;01mfor\u001b[39;00m cell \u001b[38;5;129;01min\u001b[39;00m cell_info]\n\u001b[1;32m     20\u001b[0m \u001b[38;5;66;03m# 간섭 power 계산 (간단하게 거리의 역수로 가정)\u001b[39;00m\n\u001b[0;32m---> 21\u001b[0m interference_powers \u001b[38;5;241m=\u001b[39m [cell[\u001b[38;5;124m\"\u001b[39m\u001b[38;5;124mpower\u001b[39m\u001b[38;5;124m\"\u001b[39m] \u001b[38;5;241m/\u001b[39m (distance \u001b[38;5;241m+\u001b[39m \u001b[38;5;241m1e-9\u001b[39m) \u001b[38;5;28;01mfor\u001b[39;00m distance \u001b[38;5;129;01min\u001b[39;00m distances]\n\u001b[1;32m     23\u001b[0m \u001b[38;5;66;03m# 각 셀에 대한 간섭의 Probability Density Function (PDF) 계산\u001b[39;00m\n\u001b[1;32m     24\u001b[0m pdfs \u001b[38;5;241m=\u001b[39m [norm\u001b[38;5;241m.\u001b[39mpdf(interference_power, loc\u001b[38;5;241m=\u001b[39m\u001b[38;5;241m0\u001b[39m, scale\u001b[38;5;241m=\u001b[39m\u001b[38;5;241m1\u001b[39m) \u001b[38;5;28;01mfor\u001b[39;00m interference_power \u001b[38;5;129;01min\u001b[39;00m interference_powers]\n",
      "Cell \u001b[0;32mIn[80], line 21\u001b[0m, in \u001b[0;36m<listcomp>\u001b[0;34m(.0)\u001b[0m\n\u001b[1;32m     18\u001b[0m distances \u001b[38;5;241m=\u001b[39m [np\u001b[38;5;241m.\u001b[39msqrt((cell[\u001b[38;5;124m\"\u001b[39m\u001b[38;5;124mx\u001b[39m\u001b[38;5;124m\"\u001b[39m] \u001b[38;5;241m-\u001b[39m measurement_point[\u001b[38;5;124m\"\u001b[39m\u001b[38;5;124mx\u001b[39m\u001b[38;5;124m\"\u001b[39m])\u001b[38;5;241m*\u001b[39m\u001b[38;5;241m*\u001b[39m\u001b[38;5;241m2\u001b[39m \u001b[38;5;241m+\u001b[39m (cell[\u001b[38;5;124m\"\u001b[39m\u001b[38;5;124my\u001b[39m\u001b[38;5;124m\"\u001b[39m] \u001b[38;5;241m-\u001b[39m measurement_point[\u001b[38;5;124m\"\u001b[39m\u001b[38;5;124my\u001b[39m\u001b[38;5;124m\"\u001b[39m])\u001b[38;5;241m*\u001b[39m\u001b[38;5;241m*\u001b[39m\u001b[38;5;241m2\u001b[39m) \u001b[38;5;28;01mfor\u001b[39;00m cell \u001b[38;5;129;01min\u001b[39;00m cell_info]\n\u001b[1;32m     20\u001b[0m \u001b[38;5;66;03m# 간섭 power 계산 (간단하게 거리의 역수로 가정)\u001b[39;00m\n\u001b[0;32m---> 21\u001b[0m interference_powers \u001b[38;5;241m=\u001b[39m [\u001b[43mcell\u001b[49m\u001b[43m[\u001b[49m\u001b[38;5;124;43m\"\u001b[39;49m\u001b[38;5;124;43mpower\u001b[39;49m\u001b[38;5;124;43m\"\u001b[39;49m\u001b[43m]\u001b[49m \u001b[38;5;241m/\u001b[39m (distance \u001b[38;5;241m+\u001b[39m \u001b[38;5;241m1e-9\u001b[39m) \u001b[38;5;28;01mfor\u001b[39;00m distance \u001b[38;5;129;01min\u001b[39;00m distances]\n\u001b[1;32m     23\u001b[0m \u001b[38;5;66;03m# 각 셀에 대한 간섭의 Probability Density Function (PDF) 계산\u001b[39;00m\n\u001b[1;32m     24\u001b[0m pdfs \u001b[38;5;241m=\u001b[39m [norm\u001b[38;5;241m.\u001b[39mpdf(interference_power, loc\u001b[38;5;241m=\u001b[39m\u001b[38;5;241m0\u001b[39m, scale\u001b[38;5;241m=\u001b[39m\u001b[38;5;241m1\u001b[39m) \u001b[38;5;28;01mfor\u001b[39;00m interference_power \u001b[38;5;129;01min\u001b[39;00m interference_powers]\n",
      "\u001b[0;31mTypeError\u001b[0m: list indices must be integers or slices, not str"
     ]
    }
   ],
   "source": [
    "import numpy as np\n",
    "import matplotlib.pyplot as plt\n",
    "from scipy.stats import norm\n",
    "\n",
    "# 각 셀의 좌표와 전송 power 정보\n",
    "cell = [\n",
    "    {\"x\": 0, \"y\": 0, \"power\": 1.0},\n",
    "    {\"x\": 1, \"y\": 0, \"power\": 1.0},\n",
    "    {\"x\": 0, \"y\": 1, \"power\": 1.0},\n",
    "    {\"x\": 1, \"y\": 1, \"power\": 1.0},\n",
    "    {\"x\": 2, \"y\": 0, \"power\": 1.0}\n",
    "]\n",
    "\n",
    "# 임의의 측정 지점 좌표\n",
    "measurement_point = {\"x\": 0.5, \"y\": 0.5}\n",
    "\n",
    "# 각 셀과 측정 지점 간의 거리 계산\n",
    "distances = [np.sqrt((cell[\"x\"] - measurement_point[\"x\"])**2 + (cell[\"y\"] - measurement_point[\"y\"])**2) for cell in cell_info]\n",
    "\n",
    "# 간섭 power 계산 (간단하게 거리의 역수로 가정)\n",
    "interference_powers = [cell[\"power\"] / (distance + 1e-9) for distance in distances]\n",
    "\n",
    "# 각 셀에 대한 간섭의 Probability Density Function (PDF) 계산\n",
    "pdfs = [norm.pdf(interference_power, loc=0, scale=1) for interference_power in interference_powers]\n",
    "\n",
    "# 시각화\n",
    "for i, pdf in enumerate(pdfs):\n",
    "    plt.plot(np.linspace(0, 2, 100), pdf, label=f'Cell {i + 1}')\n",
    "\n",
    "plt.title('Interference Probability Density Function (PDF) for Each Cell')\n",
    "plt.xlabel('Interference Power')\n",
    "plt.ylabel('Probability Density')\n",
    "plt.legend()\n",
    "plt.show()\n"
   ]
  },
  {
   "cell_type": "code",
   "execution_count": 81,
   "id": "949efced-4c43-4bdd-a5e3-4e4199391f64",
   "metadata": {},
   "outputs": [
    {
     "name": "stderr",
     "output_type": "stream",
     "text": [
      "/var/folders/6j/lv6vbc0d57lftdbsycv4jdq00000gn/T/ipykernel_20250/2171748856.py:5: UserWarning: \n",
      "\n",
      "`distplot` is a deprecated function and will be removed in seaborn v0.14.0.\n",
      "\n",
      "Please adapt your code to use either `displot` (a figure-level function with\n",
      "similar flexibility) or `kdeplot` (an axes-level function for kernel density plots).\n",
      "\n",
      "For a guide to updating your code to use the new functions, please see\n",
      "https://gist.github.com/mwaskom/de44147ed2974457ad6372750bbe5751\n",
      "\n",
      "  sns.distplot(random.rayleigh(size=1000), hist=False)\n",
      "/Users/phiminji/opt/anaconda3/envs/postmac/lib/python3.10/site-packages/seaborn/_oldcore.py:1498: FutureWarning: is_categorical_dtype is deprecated and will be removed in a future version. Use isinstance(dtype, CategoricalDtype) instead\n",
      "  if pd.api.types.is_categorical_dtype(vector):\n",
      "/Users/phiminji/opt/anaconda3/envs/postmac/lib/python3.10/site-packages/seaborn/_oldcore.py:1119: FutureWarning: use_inf_as_na option is deprecated and will be removed in a future version. Convert inf values to NaN before operating instead.\n",
      "  with pd.option_context('mode.use_inf_as_na', True):\n"
     ]
    },
    {
     "data": {
